0.10704490891448012
0.0383508461317769
0.03813385882473609
0.03790993709956204
0.03767039141877814
0.03752962173894048
0.03724662517407187
0.03715890766801061
0.03672259290039808
0.036669862477595475
0.03642405868667337
0.0361034492752305
0.036067283104031206
0.03599738996677302
0.03571643196633673
0.03553459402341563
0.035322726335007326
0.03530166894281367
0.03510684046793629
0.03510792320174677
0.035126659293398935
0.03486825098275199
0.034740539733320475
0.03468883879113573
0.03466352959675295
