0.10786669184495737
0.05723485109807403
0.05680633776796025
0.05667193963922359
0.05653078875898778
0.05662930630113896
0.05643150988160758
0.056360767214550626
0.05637995693161412
0.05626235542365828
0.05626848705012251
0.05621932828714987
0.05625863761750159
0.056161660247960606
0.05606652707331353
0.05607394217135939
0.05603761176436065
0.056019026962285105
0.05601958721574094
0.056017721919258974
0.055910731523155094
0.05590864559551617
0.05586592805244633
0.05584518871530219
0.05587258309897807
