0.09706592672244385
0.050201771864751436
0.04884039505745645
0.04839199474333106
0.048096096529079986
0.04790265274208945
0.04767843887948238
0.04760271665715688
0.0474225552752614
0.047284704079297746
0.04712925431830389
0.046975687951655
0.04681859020277992
0.046718210678312694
0.04654852864290546
0.046430286145894915
0.04637090498497626
0.046265272708894974
0.046218549312503486
0.04611919740600898
0.046021273292533985
0.04595229562439092
0.04601344103748734
0.04590326259835615
0.04596814286668558
