0.0513524082782972
0.02963531686009856
0.02899133112399025
0.02883360003800811
0.028680256999995525
0.02858890888809755
0.028547173252681624
0.028489126211351103
0.028471994306053128
0.0284256651276001
0.028399993631955202
0.02839417995985698
0.028383124103719317
0.028343813573555636
0.028320312055314448
0.02832330950024026
0.02830996091251035
0.02828625827473966
0.02829428880920147
0.028294239050566074
0.02828491529500162
0.028245504135853267
0.028237680925542977
0.02827579926212763
0.028250695533446363
