0.1304737119306181
0.06016811102561585
0.059229872483122455
0.05897144140960934
0.058712923429436514
0.05854259915482085
0.058406573493738435
0.05829447736913288
0.05821269348700036
0.05826579134172953
0.05818305800559821
0.05813209016950013
0.05811659425396372
0.0580991207546479
0.05807894216598691
0.058052209877148944
0.05799532153954109
0.05798022600461368
0.057949026232702774
0.05800504944715146
0.05799735798122915
0.05792251322418451
0.057880772135077835
0.05788018405101858
0.057864366460021015
